100
4 2
5 2
6 2
1000 1000
1000 1
500 244
999 497
982 938
999 512
1 1
522 415
521 461
1000 356
518 400
999 488
910 827
563 477
324 268
999 499
1000 255
567 467
500 499
4 1
500 117
803 787
415 368
787 723
999 128
500 249
500 255
371 344
999 2
1000 498
1000 511
742 734
672 532
760 697
500 250
3 2
2 2
897 883
396 320
341 339
999 999
500 140
474 366
999 353
831 683
1000 256
1000 2
1000 512
573 487
1000 999
999 255
290 266
399 390
500 248
999 127
500 88
424 354
671 510
2 1
946 881
351 304
500 1
999 1
724 654
558 421
616 526
999 487
500 116
500 128
999 494
297 244
1000 488
500 2
5 1
500 127
670 531
500 245
999 256
1000 500
758 633
1000 499
881 814
999 498
326 271
1000 128
929 761
1000 127
668 509
999 511
395 340
1000 489
500 500
999 998
500 256
3 1
471 403
877 706